org 0x4, 0x493f


; Original Levels

	.dh 400, 400, 300, 300
	.dh 400, 400, 300, 300
	.dh 400, 300, 300, 300
	.dh 400, 400, 300, 400
	.dh 300, 400, 300, 300
	.dh 400, 400, 300, 300
	.dh 400, 400, 300, 400
	.dh 300, 400, 300, 400



; Super Levels

	.dh 400, 400, 300, 300
	.dh 400, 400, 300, 300
	.dh 400, 400, 300, 300		; 3-2 = 400
	.dh 400, 400, 300, 400
	.dh 300, 400, 300, 300
	.dh 400, 400, 300, 300
	.dh 400, 400, 300, 400
	.dh 300, 400, 300, 400




; ???

	.dh 400, 400, 400, 400
	.dh 400, 400, 400, 400
	.dh 400, 400, 400, 300
	.dh 400, 400, 400, 300
	.dh 400, 400, 400, 400
